0,443
0,442
0,441
0,440
0,439
0,438
0,437
0,436
0,435
0,434
0,433
0,432
0,431
0,430
0,429
0,428
0,427
0,426
0,425
0,424
0,423
0,422
0,421
0,420
0,419
0,418
0,417
0,416
0,415
0,414
0,413
0,412
49,52
49,51
49,50
49,49
49,48
49,47
49,46
49,45
49,44
49,43
49,42
49,41
49,40
49,39
49,38
49,37
49,36
49,35
0,411
0,410
0,409
0,408
52,5
52,4
52,3
52,2
52,1
52,0
0,278
0,407
0,406
0,405
0,386
0,273
0,270
51,4
51,3
51,2
51,1
51,0
50,3
50,2
0,9
50,1
50,0
10,12
10,162
10,10
10,248
10,194
10,218
10,174
10,220
10,2
10,3
11,8
11,24
11,14
11,4
11,12
9,7
9,6
9,4
8,4
8,11
8,10
